2 4
11 3
79 1
146 2
1002 8
1003 7
1037 5
1104 6
2006 12
2007 11
2041 9
2108 10
3010 16
3011 15
3045 13
3112 14
4014 20
4015 19
4049 17
4116 18
5017 24
5019 23
5052 21
5120 22
6022 28
6023 27
6057 25
6124 26
7026 32
7027 31
7061 29
7128 30
8030 36
8031 35
8065 33
8132 34
9034 40
9035 39
9069 37
9136 38
10038 44
10039 43
10073 41
10140 42
11042 48
11043 47
11077 45
11144 46
12046 52
12047 51
12081 49
12148 50
13050 56
13051 55
13085 53
13152 54
14054 60
14056 59
14089 57
14156 58
15058 64
15060 63
15093 61
15160 62
16061 68
16064 67
16097 65
16164 66
17066 72
17068 71
17101 70
17168 69
18069 76
18072 75
18105 74
18173 73
19073 80
19076 79
19109 78
19177 77
20077 84
20080 83
20113 82
20181 81
21081 88
21084 87
21117 86
21185 85
22085 92
22088 91
22121 90
22189 89
23089 96
23092 95
23124 94
23193 93
24093 100
24096 99
24128 98
24197 97
25098 104
25101 102
25132 103
25201 101
26101 108
26104 106
26136 107
26205 105
27105 112
27108 110
27140 111
27209 109
28109 116
28113 114
28144 115
28213 113
29113 120
29117 118
29148 119
29217 117
30117 124
30121 122
30152 123
30221 121
31121 128
31124 126
31156 127
31224 125
32125 132
32128 130
32160 131
32229 129
33129 136
33132 134
33164 135
33233 133
34133 140
34136 138
34168 139
34237 137
35137 144
35140 142
35173 143
35241 141
36141 148
36144 146
36177 147
36245 145
37145 152
37149 150
37181 151
37249 149
38149 156
38152 154
38185 155
38253 153
39153 160
39156 158
39189 159
39257 157
40157 164
40160 162
40193 163
40261 161
41161 168
41164 166
41197 167
41273 165
42165 172
42169 170
42201 171
42269 169
43169 176
43173 174
43205 175
43273 173
44174 180
44177 178
44209 179
44277 177
45178 184
45181 182
45213 183
45281 181
46182 188
46185 186
46217 187
46284 185
47186 192
47189 190
47221 191
47288 189
48190 196
48193 194
48225 195
48292 193
49194 200
49198 198
49229 199
49296 197
50198 204
50201 202
50233 203
50300 201
51202 208
51205 206
51237 207
51304 205
52206 212
52210 210
52241 211
52308 209
53210 216
53213 214
53245 215
53312 213
54214 220
54217 218
54249 219
54316 217
55218 224
55221 222
55253 223
55320 221
56222 228
56225 226
56257 227
56324 225
57226 232
57229 230
57261 231
57328 229
58230 236
58233 234
58265 235
58332 233
59234 240
59237 238
59269 239
59336 237
60238 244
60241 242
60273 243
60340 241
61242 248
61245 246
61277 247
61344 245
62246 252
62249 250
62281 251
62348 249
63250 256
63253 254
63285 255
63352 253
64253 260
64257 258
64289 259
64356 257
65258 264
65261 262
65293 263
65360 261
66261 268
66265 266
66296 267
66364 265
67265 272
67269 270
67301 271
67368 269
68269 276
68273 274
68305 275
68372 273
69273 280
69277 278
69308 279
69376 277
70277 284
70281 282
70312 283
70380 281
71281 288
71285 286
71316 287
71384 285
72285 292
72289 290
72320 291
72388 289
73289 296
73293 294
73325 295
73392 293
74293 300
74297 298
74328 299
74396 297
75297 304
75301 302
75332 303
75400 301
76301 308
76305 306
76336 307
76404 305
77305 312
77309 310
77340 311
77408 309
78309 316
78313 314
78344 315
78412 313
79313 320
79317 318
79348 319
79416 317
80317 324
80321 322
80353 323
80420 321
81321 328
81325 326
81356 327
81424 325
82325 332
82329 330
82360 331
82428 329
83329 336
83333 334
83364 335
83432 333
84333 340
84337 338
84368 339
84436 337
85337 344
85341 342
85372 343
85440 341
86341 348
86345 346
86376 347
86444 345
87345 352
87349 350
87380 351
87448 349
88349 356
88353 354
88384 355
88452 353
89353 360
89357 358
89388 359
89455 357
90357 364
90361 362
90392 363
90460 361
91361 368
91365 366
91396 367
91464 365
92365 372
92369 370
92400 371
92468 369
93369 376
93373 374
93404 375
93472 373
94373 380
94377 378
94408 379
94475 377
95377 384
95381 382
95412 383
95480 381
96381 388
96385 386
96416 387
96483 385
97385 392
97389 390
97420 391
97487 389
98389 396
98393 394
98424 395
98491 393
99393 400
99397 398
99428 399
99495 397
100396 404
100401 402
100432 403
100499 401
101401 408
101405 406
101436 407
101503 405
102404 412
102409 410
102440 411
102507 409
103409 416
103413 414
103444 415
103511 413
104413 420
104417 418
104448 419
104515 417
105417 424
105421 422
105452 423
105519 421
106421 428
106425 426
106456 427
106523 425
107424 432
107428 430
107459 431
107527 429
108428 436
108433 434
108464 435
108531 433
109433 440
109437 438
109468 439
109535 437
110436 444
110441 442
110472 443
110539 441
111441 448
111445 446
111476 447
111543 445
112444 452
112449 450
112479 451
112547 449
113448 456
113453 454
113484 455
113551 453
114452 460
114457 458
114488 459
114555 457
115456 464
115461 462
115491 463
115559 461
116461 468
116465 466
116496 467
116563 465
117464 472
117469 470
117499 471
117567 469
118468 476
118473 474
118503 475
118571 473
119472 480
119477 478
119507 479
119575 477
120476 484
120481 482
120511 483
120579 481
121481 488
121485 486
121516 487
121583 485
122484 492
122489 490
122519 491
122587 489
123488 496
123492 494
123523 495
123591 493
124492 500
124497 498
124527 499
124595 497
125496 504
125501 502
125531 503
125599 501
126500 508
126505 506
126535 507
126603 505
127504 512
127509 510
127539 511
127607 509
128508 516
128513 514
128543 515
128611 513
129512 520
129517 518
129547 519
129615 517
130516 524
130520 522
130551 523
130619 521
131520 528
131524 526
131555 527
131623 525
132524 532
132529 530
132559 531
132627 529
133528 536
133533 534
133563 535
133631 533
134532 540
134537 538
134567 539
134635 537
135536 544
135540 542
135571 543
135638 541
136540 548
136545 546
136575 547
136643 545
137544 552
137549 550
137579 551
137647 549
138548 556
138553 554
138583 555
138651 553
139552 560
139557 558
139587 559
139655 557
140556 564
140560 562
140591 563
140659 561
141560 568
141565 566
141595 567
141663 565
142564 572
142569 570
142599 571
142666 569
143568 576
143573 574
143603 575
143670 573
144572 580
144577 578
144607 579
144674 577
145576 584
145581 582
145611 583
145678 581
146580 588
146585 586
146615 587
146682 585
147584 592
147589 590
147619 591
147686 589
148588 596
148593 594
148623 595
148690 593
149592 600
149597 598
149627 599
149694 597
150596 604
150601 602
150631 603
150698 601
151600 608
151605 606
151635 607
151702 605
152604 612
152609 610
152639 611
152706 609
153608 616
153613 614
153643 615
153711 613
154612 620
154617 618
154647 619
154714 617
155616 624
155621 622
155651 623
155718 621
156620 628
156625 626
156655 627
156722 625
157624 632
157629 630
157659 631
157726 629
158628 636
158633 634
158663 635
158730 633
159632 640
159636 638
159667 639
159734 637
160636 644
160640 642
160671 643
160738 641
161640 648
161644 646
161675 647
161742 645
162643 652
162649 650
162679 651
162746 649
163648 656
163652 654
163683 655
163750 653
164652 660
164656 658
164687 659
164754 657
165655 664
165660 662
165691 663
165758 661
166659 668
166664 666
166694 667
166762 665
167663 672
167668 670
167699 671
167766 669
168667 676
168672 674
168702 675
168770 673
169671 680
169676 678
169706 679
169774 677
170675 684
170680 682
170710 683
170778 681
171679 688
171684 686
171714 687
171782 685
172683 692
172689 690
172718 691
172786 689
173687 696
173692 694
173722 695
173790 693
174691 700
174696 698
174726 699
174794 697
175695 704
175700 702
175730 703
175798 701
176699 708
176704 706
176734 707
176802 705
177703 712
177708 710
177738 711
177806 709
178707 716
178712 714
178742 715
178810 713
179711 720
179716 718
179746 719
179814 717
180715 724
180720 722
180750 723
180818 721
181719 728
181724 726
181754 727
181822 725
182723 732
182728 730
182758 731
182825 729
183727 736
183732 734
183762 735
183830 733
184731 740
184736 738
184766 739
184834 737
185735 744
185740 742
185770 743
185838 741
186739 748
186744 746
186774 747
186841 745
187743 752
187748 750
187778 751
187845 749
188747 756
188752 754
188782 755
188849 753
189751 760
189756 758
189786 759
189853 757
190755 764
190760 762
190790 763
190857 761
191759 768
191764 766
191794 767
191861 765
192763 772
192768 770
192798 771
192865 769
193767 776
193772 774
193802 775
193869 773
194771 780
194776 778
194806 779
194873 777
195775 784
195780 782
195810 783
195877 781
196779 788
196784 786
196814 787
196881 785
197783 792
197788 790
197818 791
197885 789
198787 796
198792 794
198822 795
198889 793
199791 800
199796 798
199826 799
199893 797
200795 804
200800 802
200830 803
200897 801
201799 808
201804 806
201834 807
201901 805
202803 812
202808 810
202838 811
202905 809
203806 816
203812 814
203841 815
203909 813
204811 820
204816 818
204846 819
204913 817
205814 824
205820 822
205850 823
205917 821
206819 828
206824 826
206854 827
206921 825
207822 832
207828 830
207857 831
207925 829
208826 836
208832 834
208862 835
208929 833
209830 840
209836 838
209865 839
209933 837
210834 844
210840 842
210869 843
210937 841
211838 848
211844 846
211874 847
211941 845
212842 852
212848 850
212877 851
212945 849
213846 856
213852 854
213881 855
213949 853
214850 860
214856 858
214885 859
214953 857
215854 864
215860 862
215889 863
215957 861
216858 868
216864 866
216893 867
216961 865
217863 872
217868 870
217898 871
217965 869
218866 876
218872 874
218901 875
218969 873
219870 880
219876 878
219905 879
219973 877
220874 884
220880 882
220909 883
220977 881
221878 888
221884 886
221913 887
221981 885
222882 892
222888 890
222917 891
222985 889
223886 896
223892 894
223921 895
223989 893
224890 900
224896 898
224925 899
224993 897
225894 904
225900 902
225929 903
225997 901
226898 908
226904 906
226933 907
227000 905
227902 912
227908 910
227937 911
228004 909
228906 916
228912 914
228941 915
229008 913
229910 920
229916 918
229945 919
230012 917
230914 924
230920 922
230949 923
231016 921
231918 928
231924 926
231953 927
232020 925
232922 932
232928 930
232957 931
233024 929
233926 936
233932 934
233961 935
234027 933
234930 940
234936 938
234965 939
235032 937
235934 944
235940 942
235969 943
236035 941
236938 948
236944 946
236973 947
237039 945
237942 952
237948 950
237977 951
238043 949
238945 956
238951 954
238980 955
239047 953
239950 960
239956 958
239985 959
240051 957
240954 964
240960 962
240989 963
241055 961
241958 968
241964 966
241993 967
242059 965
242962 972
242968 970
242997 971
243063 969
243965 976
243972 974
244000 975
244067 973
244969 980
244976 978
245004 979
245071 977
245974 984
245980 982
246008 983
246075 981
246978 988
246984 986
247012 987
247079 985
247982 992
247988 990
248016 991
248083 989
248985 996
248992 994
249020 995
249087 993
249990 1000
249995 998
250024 999
250091 997
250994 1004
251000 1002
251028 1003
251095 1001
251998 1008
252003 1006
252032 1007
252099 1005
253001 1012
253007 1010
253036 1011
253103 1009
254004 1016
254011 1014
254040 1015
254107 1013
255015 1018
255017 1020
255050 1019
255117 1017
256012 1024
256019 1022
256048 1023
256115 1021
257016 1028
257022 1026
257051 1027
257119 1025
258020 1032
258026 1030
258056 1031
258123 1029
259024 1036
259031 1034
259059 1035
259127 1033
260028 1040
260038 1038
260063 1039
260131 1037
261032 1044
261039 1042
261068 1043
261135 1041
262036 1048
262043 1046
262071 1047
262139 1045
263040 1052
263046 1050
263075 1051
263143 1049
264044 1056
264050 1054
264079 1055
264147 1053
265048 1060
265055 1058
265083 1059
265151 1057
266052 1064
266058 1062
266087 1063
266155 1061
267056 1068
267062 1066
267091 1067
267159 1065
268060 1072
268066 1070
268095 1071
268163 1069
269064 1076
269070 1074
269099 1075
269167 1073
270068 1080
270075 1078
270103 1079
270172 1077
271072 1084
271079 1082
271107 1083
271176 1081
272076 1088
272082 1086
272111 1087
272180 1085
273080 1092
273087 1090
273116 1091
273184 1089
274084 1096
274091 1094
274119 1095
274188 1093
275088 1100
275094 1098
275123 1099
275192 1097
276092 1104
276098 1102
276127 1103
276196 1101
277096 1108
277102 1106
277131 1107
277200 1105
278100 1112
278107 1110
278135 1111
278204 1109
279104 1116
279111 1114
279139 1115
279208 1113
280108 1120
280114 1118
280143 1119
280212 1117
281112 1124
281119 1122
281147 1123
281216 1121
282116 1128
282122 1126
282151 1127
282219 1125
283120 1132
283126 1130
283155 1131
283223 1129
284124 1136
284130 1134
284159 1135
284227 1133
285128 1140
285134 1138
285163 1139
285231 1137
286132 1144
286138 1142
286167 1143
286235 1141
287136 1148
287142 1146
287172 1147
287239 1145
288140 1152
288147 1150
288176 1151
288243 1149
289144 1156
289150 1154
289180 1155
289247 1153
290148 1160
290154 1158
290184 1159
290251 1157
291152 1164
291158 1162
291188 1163
291255 1161
292156 1168
292162 1166
292192 1167
292259 1165
293160 1172
293166 1170
293196 1171
293263 1169
294164 1176
294170 1174
294200 1175
294267 1173
295168 1180
295175 1178
295204 1179
295271 1177
296173 1184
296179 1182
296208 1183
296275 1181
297177 1188
297183 1186
297212 1187
297279 1185
298181 1192
298187 1190
298216 1191
298283 1189
299184 1196
299191 1194
299219 1195
299287 1193
300188 1200
300195 1198
300224 1199
300291 1197
301192 1204
301199 1202
301227 1203
301295 1201
302196 1208
302203 1206
302231 1207
302299 1205
303200 1212
303207 1210
303236 1211
303303 1209
304204 1216
304211 1214
304239 1215
304307 1213
305208 1220
305215 1218
305244 1219
305311 1217
306213 1224
306219 1222
306248 1223
306315 1221
307216 1228
307223 1226
307251 1227
307319 1225
308220 1232
308227 1230
308255 1231
308323 1229
309224 1236
309231 1234
309259 1235
309327 1233
310228 1240
310235 1238
310263 1239
310331 1237
311232 1244
311239 1242
311267 1243
311335 1241
312236 1248
312243 1246
312271 1247
312339 1245
313240 1252
313247 1250
313275 1251
313343 1249
314244 1256
314251 1254
314280 1255
314347 1253
315248 1260
315255 1258
315283 1259
315351 1257
316252 1264
316259 1262
316287 1263
316355 1261
317256 1268
317263 1266
317291 1267
317359 1265
318260 1272
318267 1270
318295 1271
318363 1269
319264 1276
319271 1274
319299 1275
319367 1273
320268 1280
320275 1278
320303 1279
320371 1277
321272 1284
321279 1282
321307 1283
321375 1281
322276 1288
322283 1286
322311 1287
322379 1285
323280 1292
323287 1290
323315 1291
323383 1289
324284 1296
324291 1294
324319 1295
324387 1293
325288 1300
325295 1298
325323 1299
325391 1297
326292 1304
326299 1302
326327 1303
326395 1301
327296 1308
327303 1306
327331 1307
327399 1305
328300 1312
328307 1310
328335 1311
328403 1309
329304 1316
329311 1314
329339 1315
329406 1313
330308 1320
330315 1318
330343 1319
330411 1317
331312 1324
331319 1322
331347 1323
331414 1321
332316 1328
332323 1326
332351 1327
332418 1325
333320 1332
333327 1330
333355 1331
333422 1329
334324 1336
334331 1334
334359 1335
334426 1333
335328 1340
335335 1338
335363 1339
335430 1337
336332 1344
336339 1342
336367 1343
336434 1341
337336 1348
337343 1346
337371 1347
337438 1345
338340 1352
338347 1350
338375 1351
338442 1349
339343 1356
339351 1354
339379 1355
339446 1353
340348 1360
340355 1358
340383 1359
340450 1357
341351 1364
341359 1362
341386 1363
341454 1361
342356 1368
342363 1366
342391 1367
342458 1365
343360 1372
343367 1370
343395 1371
343462 1369
344363 1376
344371 1374
344398 1375
344466 1373
345367 1380
345375 1378
345403 1379
345470 1377
346372 1384
346379 1382
346406 1383
346474 1381
347376 1388
347383 1386
347411 1387
347478 1385
348379 1392
348387 1390
348414 1391
348482 1389
349383 1396
349391 1394
349418 1395
349486 1393
350387 1400
350395 1398
350423 1399
350490 1397
351391 1404
351399 1402
351426 1403
351494 1401
352395 1408
352403 1406
352431 1407
352498 1405
353399 1412
353407 1410
353435 1411
353502 1409
354403 1416
354411 1414
354439 1415
354506 1413
355407 1420
355415 1418
355443 1419
355510 1417
356411 1424
356419 1422
356449 1423
356514 1421
357415 1428
357423 1426
357451 1427
357518 1425
358419 1432
358427 1430
358455 1431
358522 1429
359423 1436
359431 1434
359459 1435
359526 1433
360427 1440
360435 1438
360463 1439
360530 1437
361431 1444
361439 1442
361467 1443
361534 1441
362435 1448
362443 1446
362471 1447
362538 1445
363439 1452
363447 1450
363476 1451
363542 1449
364443 1456
364451 1454
364479 1455
364546 1453
365447 1460
365455 1458
365484 1459
365550 1457
366451 1464
366459 1462
366488 1463
366554 1461
367455 1468
367463 1466
367492 1467
367558 1465
368459 1472
368467 1470
368496 1471
368562 1469
369463 1476
369471 1474
369500 1475
369566 1473
370467 1480
370475 1478
370504 1479
370570 1477
371471 1484
371479 1482
371508 1483
371574 1481
372475 1488
372483 1486
372512 1487
372578 1485
373479 1492
373487 1490
373516 1491
373582 1489
374483 1496
374491 1494
374520 1495
374585 1493
375487 1500
375494 1498
375525 1499
375589 1497
376491 1504
376499 1502
376529 1503
376593 1501
377495 1508
377503 1506
377533 1507
377597 1505
378499 1512
378507 1510
378537 1511
378602 1509
379503 1516
379510 1514
379541 1515
379605 1513
380507 1520
380514 1518
380545 1519
380609 1517
381511 1524
381519 1522
381549 1523
381613 1521
382515 1528
382523 1526
382553 1527
382617 1525
383519 1532
383527 1530
383557 1531
383621 1529
384523 1536
384530 1534
384561 1535
384625 1533
385527 1540
385535 1538
385565 1539
385629 1537
386530 1544
386538 1542
386569 1543
386633 1541
387535 1548
387543 1546
387573 1547
387637 1545
388539 1552
388547 1550
388577 1551
388641 1549
389543 1556
389550 1554
389581 1555
389645 1553
390547 1560
390555 1558
390586 1559
390649 1557
391551 1564
391558 1562
391589 1563
391653 1561
392555 1568
392563 1566
392594 1567
392657 1565
393559 1572
393566 1570
393598 1571
393661 1569
394563 1576
394570 1574
394602 1575
394665 1573
395567 1580
395574 1578
395606 1579
395669 1577
396570 1584
396578 1582
396610 1583
396673 1581
397574 1588
397582 1586
397614 1587
397677 1585
398578 1592
398586 1590
398618 1591
398681 1589
399582 1596
399591 1594
399622 1595
399685 1593
400586 1600
400594 1598
400627 1599
400689 1597
401590 1604
401598 1602
401630 1603
401693 1601
402594 1608
402603 1606
402635 1607
402697 1605
403598 1612
403606 1610
403639 1611
403701 1609
404602 1616
404611 1614
404643 1615
404705 1613
405606 1620
405614 1618
405647 1619
405709 1617
406610 1624
406618 1622
406650 1623
406713 1621
407614 1628
407622 1626
407655 1627
407717 1625
408618 1632
408626 1630
408659 1631
408721 1629
409622 1636
409630 1634
409663 1635
409725 1633
410626 1640
410634 1638
410667 1639
410729 1637
411630 1644
411638 1642
411671 1643
411733 1641
412634 1648
412642 1646
412675 1647
412737 1645
413638 1652
413646 1650
413679 1651
413741 1649
414642 1656
414650 1654
414683 1655
414745 1653
415646 1660
415654 1658
415687 1659
415749 1657
416650 1664
416658 1662
416692 1663
416753 1661
417654 1668
417662 1666
417696 1667
417757 1665
418658 1672
418666 1670
418700 1671
418760 1669
419662 1676
419670 1674
419704 1675
419765 1673
420666 1680
420674 1678
420708 1679
420769 1677
421670 1684
421678 1682
421712 1683
421773 1681
422674 1688
422682 1686
422716 1687
422777 1685
423678 1692
423686 1690
423720 1691
423780 1689
424682 1696
424690 1694
424724 1695
424785 1693
425686 1700
425694 1698
425728 1699
425789 1697
426690 1704
426698 1702
426733 1703
426792 1701
427694 1708
427702 1706
427736 1707
427796 1705
428697 1712
428706 1710
428740 1711
428800 1709
429702 1716
429710 1714
429745 1715
429804 1713
430706 1720
430714 1718
430749 1719
430808 1717
431710 1724
431718 1722
431753 1723
431812 1721
432714 1728
432722 1726
432756 1727
432816 1725
433718 1732
433726 1730
433761 1731
433820 1729
434722 1736
434730 1734
434765 1735
434824 1733
435726 1740
435734 1738
435769 1739
435828 1737
436730 1744
436738 1742
436773 1743
436832 1741
437734 1748
437742 1746
437779 1747
437836 1745
438738 1752
438746 1750
438781 1751
438840 1749
439742 1756
439750 1754
439785 1755
439844 1753
440745 1760
440755 1758
440789 1759
440848 1757
441750 1764
441758 1762
441793 1763
441852 1761
442754 1768
442762 1766
442798 1767
442856 1765
443757 1772
443766 1770
443802 1771
443860 1769
444762 1776
444770 1774
444806 1775
444864 1773
445765 1780
445774 1778
445810 1779
445868 1777
446769 1784
446778 1782
446814 1783
446872 1781
447773 1788
447782 1786
447818 1787
447876 1785
448777 1792
448786 1790
448822 1791
448880 1789
449781 1796
449790 1794
449826 1795
449884 1793
450785 1800
450794 1798
450830 1799
450888 1797
451789 1804
451798 1802
451834 1803
451892 1801
452793 1808
452802 1806
452838 1807
452896 1805
453797 1812
453806 1810
453842 1811
453900 1809
454801 1816
454810 1814
454847 1815
454904 1813
455805 1820
455814 1818
455851 1819
455908 1817
456809 1824
456818 1822
456855 1823
456912 1821
457813 1828
457822 1826
457859 1827
457916 1825
458817 1832
458826 1830
458863 1831
458920 1829
459821 1836
459830 1834
459867 1835
459924 1833
460825 1840
460834 1838
460871 1839
460928 1837
461829 1844
461838 1842
461875 1843
461932 1841
462833 1848
462842 1846
462879 1847
462936 1845
463837 1852
463846 1850
463883 1851
463939 1849
464841 1856
464850 1854
464887 1855
464944 1853
465845 1860
465854 1858
465891 1859
465947 1857
466849 1864
466858 1862
466896 1863
466952 1861
467853 1868
467862 1866
467900 1867
467956 1865
468857 1872
468866 1870
468904 1871
468960 1869
469861 1876
469870 1874
469908 1875
469964 1873
470865 1880
470874 1878
470912 1879
470967 1877
471869 1884
471878 1882
471916 1883
471971 1881
472873 1888
472882 1886
472920 1887
472975 1885
473877 1892
473886 1890
473924 1891
473979 1889
474881 1896
474890 1894
474928 1895
474984 1893
475885 1900
475894 1898
475932 1899
475987 1897
476889 1904
476898 1902
476936 1903
476991 1901
477893 1908
477902 1906
477940 1907
477995 1905
478897 1912
478906 1910
478945 1911
478999 1909
479901 1916
479910 1914
479949 1915
480002 1913
480905 1920
480914 1918
480953 1919
481006 1917
481909 1924
481918 1922
481957 1923
482010 1921
482913 1928
482922 1926
482961 1927
483014 1925
483917 1932
483926 1930
483965 1931
484018 1929
484921 1936
484930 1934
484969 1935
485022 1933
485924 1940
485934 1938
485973 1939
486026 1937
486928 1944
486938 1942
486977 1943
487030 1941
487932 1948
487942 1946
487981 1947
488034 1945
488936 1952
488946 1950
488985 1951
489038 1949
489940 1956
489950 1954
489989 1955
490042 1953
490944 1960
490954 1958
490993 1959
491046 1957
491949 1964
491958 1962
491997 1963
492050 1961
492952 1968
492962 1966
493000 1967
493054 1965
493956 1972
493966 1970
494005 1971
494058 1969
494960 1976
494970 1974
495009 1975
495062 1973
495964 1980
495974 1978
496013 1979
496066 1977
496968 1984
496978 1982
497017 1983
497070 1981
497972 1988
497982 1986
498021 1987
498074 1985
498976 1992
498986 1990
499025 1991
499078 1989
499980 1996
499990 1994
500029 1995
500082 1993
500984 2000
500994 1998
501033 1999
501086 1997
501988 2004
501998 2002
502037 2003
502090 2001
502992 2008
503001 2006
503041 2007
503094 2005
503996 2012
504004 2010
504045 2011
504098 2009
505000 2016
505009 2014
505049 2015
505102 2013
506003 2020
506012 2018
506053 2019
506106 2017
507007 2024
507016 2022
507057 2023
507110 2021
508011 2028
508020 2026
508062 2027
508114 2025
509015 2032
509024 2030
509066 2031
509118 2029
510019 2036
510028 2034
510070 2035
510122 2033
511023 2040
511032 2038
511074 2039
511126 2037
512027 2044
512036 2042
512078 2043
512129 2041
513031 2048
513041 2046
513082 2047
513134 2045
514035 2052
514044 2050
514086 2051
514138 2049
515039 2056
515049 2054
515090 2055
515142 2053
516043 2060
516052 2058
516094 2059
516145 2057
517047 2064
517057 2062
517098 2063
517150 2061
518051 2068
518060 2066
518102 2067
518153 2065
519055 2072
519064 2070
519106 2071
519157 2069
520059 2076
520068 2074
520110 2075
520161 2073
521063 2080
521072 2078
521114 2079
521165 2077
522067 2084
522076 2082
522118 2083
522169 2081
523070 2088
523080 2086
523123 2087
523174 2085
524075 2092
524084 2090
524127 2091
524178 2089
525079 2096
525088 2094
525131 2095
525182 2093
526083 2100
526092 2098
526135 2099
526186 2097
527087 2104
527096 2102
527139 2103
527190 2101
528091 2108
528100 2106
528143 2107
528194 2105
529095 2112
529104 2110
529147 2111
529198 2109
530099 2116
530108 2114
530151 2115
530202 2113
531103 2120
531112 2118
531155 2119
531206 2117
532107 2124
532116 2122
532159 2123
532210 2121
533111 2128
533120 2126
533172 2125
533214 2127
534115 2132
534124 2130
534168 2131
534218 2129
535119 2136
535128 2134
535173 2135
535222 2133
536123 2140
536132 2138
536177 2139
536226 2137
537127 2144
537136 2142
537181 2143
537230 2141
538131 2148
538140 2146
538185 2147
538234 2145
539135 2152
539144 2150
539189 2151
539238 2149
540138 2156
540148 2154
540193 2155
540242 2153
541142 2160
541152 2158
541197 2159
541246 2157
542146 2164
542156 2162
542201 2163
542250 2161
543150 2168
543160 2166
543205 2167
543254 2165
544154 2172
544164 2170
544209 2171
544258 2169
545158 2176
545168 2174
545213 2175
545262 2173
546162 2180
546173 2178
546217 2179
546266 2177
547166 2184
547177 2182
547222 2183
547270 2181
548170 2188
548181 2186
548225 2187
548274 2185
549175 2192
549185 2190
549230 2191
549278 2189
550179 2196
550189 2194
550234 2195
550282 2193
551183 2200
551193 2198
551238 2199
551286 2197
552187 2204
552197 2202
552242 2203
552290 2201
553191 2208
553201 2206
553246 2207
553294 2205
554195 2212
554205 2210
554250 2211
554298 2209
555199 2216
555209 2214
555254 2215
555302 2213
556203 2220
556213 2218
556258 2219
556306 2217
557207 2224
557217 2222
557263 2223
557310 2221
558211 2228
558221 2226
558266 2227
558314 2225
559215 2232
559225 2230
559271 2231
559318 2229
560219 2236
560229 2234
560275 2235
560322 2233
561223 2240
561233 2238
561279 2239
561326 2237
562227 2244
562237 2242
562283 2243
562330 2241
563231 2248
563241 2246
563287 2247
563334 2245
564235 2252
564245 2250
564291 2251
564337 2249
565239 2256
565249 2254
565295 2255
565341 2253
566243 2260
566253 2258
566299 2259
566345 2257
567247 2264
567257 2262
567303 2263
567349 2261
568251 2268
568261 2266
568307 2267
568353 2265
569255 2272
569265 2270
569311 2271
569357 2269
570259 2276
570269 2274
570315 2275
570361 2273
571263 2280
571273 2278
571319 2279
571366 2277
572267 2284
572277 2282
572323 2283
572369 2281
573271 2288
573281 2286
573327 2287
573373 2285
574275 2292
574285 2290
574331 2291
574377 2289
575278 2296
575289 2294
575335 2295
575381 2293
576283 2300
576293 2298
576340 2299
576385 2297
577287 2304
577297 2302
577344 2303
577389 2301
578291 2308
578301 2306
578348 2307
578393 2305
579295 2312
579305 2310
579352 2311
579397 2309
580298 2316
580309 2314
580356 2315
580401 2313
581303 2320
581313 2318
581360 2319
581405 2317
582307 2324
582317 2322
582364 2323
582409 2321
583310 2328
583321 2326
583368 2327
583413 2325
584315 2332
584325 2330
584372 2331
584417 2329
585318 2336
585329 2334
585376 2335
585421 2333
586322 2340
586333 2338
586380 2339
586425 2337
587326 2344
587337 2342
587384 2343
587429 2341
588330 2348
588341 2346
588388 2347
588433 2345
589334 2352
589345 2350
589392 2351
589437 2349
590338 2356
590349 2354
590396 2355
590441 2353
591342 2360
591353 2358
591400 2359
591445 2357
592346 2364
592357 2362
592404 2363
592449 2361
593350 2368
593361 2366
593409 2367
593453 2365
594354 2372
594365 2370
594412 2371
594457 2369
595358 2376
595369 2374
595417 2375
595461 2373
596362 2380
596373 2378
596421 2379
596465 2377
597366 2384
597377 2382
597425 2383
597469 2381
598370 2388
598381 2386
598429 2387
598473 2385
598201 2392
598212 2390
598260 2391
598304 2389
599205 2396
599216 2394
599264 2395
599308 2393
600209 2400
600220 2398
600268 2399
600312 2397
601213 2404
601224 2402
601272 2403
601316 2401
602218 2408
602228 2406
602276 2407
602320 2405
603221 2412
603232 2410
603280 2411
603324 2409
604225 2416
604236 2414
604284 2415
604328 2413
605229 2420
605240 2418
605288 2419
605332 2417
606233 2424
606244 2422
606292 2423
606336 2421
607237 2428
607248 2426
607296 2427
607340 2425
608241 2432
608252 2430
608301 2431
608344 2429
609245 2436
609256 2434
609305 2435
609348 2433
610249 2440
610260 2438
610309 2439
610352 2437
611253 2444
611264 2442
611313 2443
611356 2441
612257 2448
612268 2446
612317 2447
612360 2445
613261 2452
613272 2450
613321 2451
613364 2449
614265 2456
614276 2454
614325 2455
614368 2453
615269 2460
615280 2458
615329 2459
615372 2457
616273 2464
616284 2462
616333 2463
616376 2461
617277 2468
617288 2466
617337 2467
617380 2465
618281 2472
618292 2470
618341 2471
618384 2469
619285 2476
619296 2474
619345 2475
619388 2473
620289 2480
620300 2478
620349 2479
620392 2477
621293 2484
621304 2482
621353 2483
621396 2481
622297 2488
622308 2486
622357 2487
622400 2485
623301 2492
623312 2490
623361 2491
623404 2489
624305 2496
624316 2494
624366 2495
624407 2493
625309 2500
625320 2498
625370 2499
625412 2497
626312 2504
626324 2502
626374 2503
626415 2501
627317 2508
627328 2506
627378 2507
627420 2505
628321 2512
628332 2510
628382 2511
628423 2509
629325 2516
629336 2514
629386 2515
629427 2513
630329 2520
630340 2518
630390 2519
630431 2517
631332 2524
631344 2522
631394 2523
631435 2521
632337 2528
632348 2526
632398 2527
632439 2525
633341 2532
633352 2530
633402 2531
633443 2529
634345 2536
634356 2534
634406 2535
634448 2533
635349 2540
635360 2538
635410 2539
635451 2537
636353 2544
636364 2542
636414 2543
636455 2541
637357 2548
637368 2546
637418 2547
637459 2545
638361 2552
638372 2550
638422 2551
638463 2549
639365 2556
639376 2554
639426 2555
639467 2553
640369 2560
640380 2558
640430 2559
640471 2557
641373 2564
641384 2562
641434 2563
641475 2561
642377 2568
642387 2566
642439 2567
642479 2565
643381 2572
643392 2570
643443 2571
643483 2569
644385 2576
644396 2574
644447 2575
644487 2573
645388 2580
645399 2578
645451 2579
645491 2577
646392 2584
646404 2582
646455 2583
646495 2581
647396 2588
647407 2586
647459 2587
647499 2585
648400 2592
648412 2590
648463 2591
648503 2589
649404 2596
649416 2594
649467 2595
649507 2593
650408 2600
650420 2598
650471 2599
650511 2597
651412 2604
651424 2602
651475 2603
651515 2601
652416 2608
652428 2606
652479 2607
652519 2605
653420 2612
653431 2610
653483 2611
653522 2609
654424 2616
654436 2614
654487 2615
654527 2613
655428 2620
655440 2618
655491 2619
655531 2617
656432 2624
656444 2622
656495 2623
656535 2621
657436 2628
657448 2626
657503 2627
657539 2625
658440 2632
658451 2630
658503 2631
658543 2629
659444 2636
659455 2634
659507 2635
659547 2633
660448 2640
660459 2638
660512 2639
660551 2637
661452 2644
661464 2642
661516 2643
661555 2641
662456 2648
662468 2646
662520 2647
662558 2645
663460 2652
663472 2650
663523 2651
663563 2649
664464 2656
664476 2654
664528 2655
664567 2653
665468 2660
665480 2658
665532 2659
665571 2657
666472 2664
666483 2662
666536 2663
666575 2661
667476 2668
667488 2666
667540 2667
667579 2665
668480 2672
668491 2670
668544 2671
668583 2669
669484 2676
669495 2674
669548 2675
669587 2673
670488 2680
670499 2678
670552 2679
670590 2677
671492 2684
671503 2682
671556 2683
671594 2681
672496 2688
672507 2686
672560 2687
672599 2685
673500 2692
673511 2690
673564 2691
673602 2689
674504 2696
674515 2694
674568 2695
674606 2693
675508 2700
675520 2698
675572 2699
675610 2697
676512 2704
676523 2702
676576 2703
676614 2701
677516 2708
677527 2706
677580 2707
677618 2705
678520 2712
678531 2710
678585 2711
678622 2709
679524 2716
679535 2714
679589 2715
679626 2713
680528 2720
680540 2718
680593 2719
680630 2717
681532 2724
681543 2722
681597 2723
681634 2721
682536 2728
682547 2726
682601 2727
682638 2725
683539 2732
683551 2730
683605 2731
683642 2729
684544 2736
684555 2734
684609 2735
684646 2733
685547 2740
685559 2738
685613 2739
685650 2737
686552 2744
686563 2742
686617 2743
686654 2741
687555 2748
687567 2746
687621 2747
687658 2745
688559 2752
688571 2750
688625 2751
688662 2749
689564 2756
689575 2754
689629 2755
689666 2753
690568 2760
690579 2758
690633 2759
690670 2757
691572 2764
691583 2762
691637 2763
691674 2761
692575 2768
692587 2766
692641 2767
692678 2765
693579 2772
693591 2770
693645 2771
693682 2769
694583 2776
694595 2774
694649 2775
694686 2773
695587 2780
695600 2778
695653 2779
695690 2777
696591 2784
696603 2782
696657 2783
696694 2781
697595 2788
697607 2786
697662 2787
697698 2785
698600 2792
698611 2790
698665 2791
698702 2789
699603 2796
699615 2794
699670 2795
699706 2793
700607 2800
700619 2798
700674 2799
700710 2797
701611 2804
701623 2802
701678 2803
701714 2801
702615 2808
702627 2806
702682 2807
702718 2805
703619 2812
703631 2810
703686 2811
703722 2809
704623 2816
704635 2814
704690 2815
704726 2813
705627 2820
705639 2818
705694 2819
705730 2817
706631 2824
706643 2822
706698 2823
706734 2821
707635 2828
707647 2826
707702 2827
707737 2825
708639 2832
708651 2830
708706 2831
708742 2829
709643 2836
709655 2834
709710 2835
709746 2833
710647 2840
710659 2838
710714 2839
710750 2837
711651 2844
711663 2842
711718 2843
711754 2841
712658 2848
712667 2846
712722 2847
712761 2845
713659 2852
713671 2850
713726 2851
713762 2849
714663 2856
714675 2854
714730 2855
714766 2853
715667 2860
715679 2858
715735 2859
715769 2857
716671 2864
716683 2862
716739 2863
716774 2861
717675 2868
717687 2866
717743 2867
717777 2865
718679 2872
718691 2870
718747 2871
718782 2869
719683 2876
719695 2874
719751 2875
719785 2873
720687 2880
720699 2878
720755 2879
720789 2877
721691 2884
721703 2882
721759 2883
721793 2881
722695 2888
722707 2886
722763 2887
722797 2885
723699 2892
723711 2890
723767 2891
723801 2889
724703 2896
724715 2894
724771 2895
724805 2893
725706 2900
725719 2898
725775 2899
725809 2897
726711 2904
726723 2902
726779 2903
726813 2901
727715 2908
727727 2906
727783 2907
727817 2905
728719 2912
728731 2910
728787 2911
728821 2909
729723 2916
729735 2914
729791 2915
729825 2913
730727 2920
730739 2918
730795 2919
730830 2917
731731 2924
731743 2922
731799 2923
731833 2921
732735 2928
732747 2926
732804 2927
732837 2925
733739 2932
733751 2930
733808 2931
733841 2929
734743 2936
734755 2934
734812 2935
734845 2933
735746 2940
735759 2938
735815 2939
735849 2937
736750 2944
736763 2942
736820 2943
736853 2941
737754 2948
737767 2946
737824 2947
737857 2945
738758 2952
738771 2950
738828 2951
738861 2949
739762 2956
739775 2954
739832 2955
739865 2953
740766 2960
740779 2958
740836 2959
740869 2957
741770 2964
741783 2962
741840 2963
741873 2961
742774 2968
742787 2966
742844 2967
742877 2965
743778 2972
743791 2970
743848 2971
743881 2969
744782 2976
744795 2974
744852 2975
744885 2973
745786 2980
745799 2978
745856 2979
745889 2977
746790 2984
746803 2982
746860 2983
746893 2981
747794 2988
747807 2986
747864 2987
747897 2985
748798 2992
748811 2990
748868 2991
748901 2989
749802 2996
749815 2994
749872 2995
749905 2993
750806 3000
750819 2998
750876 2999
750909 2997
751810 3004
751823 3002
751881 3003
751913 3001
752814 3008
752827 3006
752885 3007
752917 3005
753818 3012
753831 3010
753889 3011
753921 3009
754822 3016
754835 3014
754893 3015
754925 3013
755826 3020
755839 3018
755897 3019
755929 3017
756830 3024
756843 3022
756901 3023
756933 3021
757834 3028
757847 3026
757905 3027
757937 3025
758838 3032
758851 3030
758909 3031
758941 3029
759842 3036
759855 3034
759913 3035
759945 3033
760846 3040
760859 3038
760917 3039
760949 3037
761850 3044
761863 3042
761921 3043
761953 3041
762854 3048
762867 3046
762925 3047
762957 3045
763858 3052
763871 3050
763929 3051
763960 3049
764862 3056
764875 3054
764933 3055
764964 3053
765866 3060
765879 3058
765937 3059
765968 3057
766870 3064
766883 3062
766941 3063
766972 3061
767874 3068
767887 3066
767945 3067
767976 3065
768878 3072
768890 3070
768949 3071
768980 3069
769882 3076
769895 3074
769954 3075
769984 3073
770885 3080
770898 3078
770957 3079
770988 3077
771890 3084
771903 3082
771962 3083
771992 3081
772894 3088
772906 3086
772966 3087
772996 3085
773898 3092
773910 3090
773970 3091
774000 3089
774902 3096
774914 3094
774974 3095
775003 3093
775905 3100
775918 3098
775978 3099
776007 3097
776910 3104
776922 3102
776982 3103
777011 3101
777913 3108
777926 3106
777986 3107
778015 3105
778917 3112
778930 3110
778990 3111
779019 3109
779922 3116
779934 3114
779994 3115
780023 3113
780926 3120
780938 3118
780998 3119
781027 3117
781930 3124
781942 3122
782001 3123
782031 3121
782934 3128
782946 3126
783005 3127
783035 3125
783937 3132
783950 3130
784009 3131
784039 3129
784941 3136
784954 3134
785013 3135
785043 3133
785945 3140
785958 3138
786017 3139
786047 3137
786949 3144
786962 3142
787021 3143
787051 3141
787953 3148
787966 3146
788025 3147
788055 3145
788957 3152
788970 3150
789029 3151
789059 3149
789961 3156
789974 3154
790034 3155
790063 3153
790965 3160
790978 3158
791038 3159
791067 3157
791969 3164
791982 3162
792042 3163
792071 3161
792973 3168
792986 3166
793046 3167
793075 3165
793977 3172
793990 3170
794050 3171
794079 3169
794981 3176
794994 3174
795054 3175
795083 3173
795985 3180
795998 3178
796058 3179
796087 3177
796989 3184
797001 3182
797062 3183
797091 3181
797993 3188
798005 3186
798066 3187
798095 3185
798997 3192
799009 3190
799070 3191
799099 3189
800000 3196
800013 3194
800074 3195
800103 3193
801004 3200
801017 3198
801078 3199
801107 3197
802008 3204
802021 3202
802082 3203
802111 3201
803012 3208
803025 3206
803086 3207
803115 3205
804016 3212
804029 3210
804090 3211
804119 3209
805020 3216
805033 3214
805094 3215
805123 3213
806024 3220
806037 3218
806099 3219
806127 3217
807028 3224
807041 3222
807103 3223
807130 3221
808032 3228
808045 3226
808107 3227
808135 3225
809036 3232
809049 3230
809111 3231
809139 3229
810040 3236
810053 3234
810115 3235
810143 3233
811044 3240
811057 3238
811119 3239
811146 3237
812048 3244
812061 3242
812123 3243
812150 3241
813052 3248
813065 3246
813127 3247
813154 3245
814056 3252
814069 3250
814131 3251
814158 3249
815060 3256
815073 3254
815135 3255
815162 3253
816064 3260
816077 3258
816139 3259
816166 3257
817068 3264
817081 3262
817143 3263
817171 3261
818072 3268
818085 3266
818147 3267
818175 3265
819076 3272
819089 3270
819151 3271
819179 3269
820080 3276
820093 3274
820155 3275
820183 3273
821084 3280
821097 3278
821159 3279
821187 3277
822088 3284
822101 3282
822163 3283
822191 3281
823092 3288
823105 3286
823167 3287
823195 3285
824096 3292
824109 3290
824173 3291
824199 3289
825099 3296
825113 3294
825177 3295
825203 3293
826104 3300
826117 3298
826180 3299
826207 3297
827108 3304
827121 3302
827184 3303
827211 3301
828112 3308
828125 3306
828189 3307
828215 3305
829116 3312
829129 3310
829193 3311
829219 3309
830119 3316
830133 3314
830197 3315
830223 3313
831124 3320
831137 3318
831201 3319
831227 3317
832127 3324
832141 3322
832205 3323
832231 3321
833131 3328
833145 3326
833209 3327
833235 3325
834135 3332
834149 3330
834213 3331
834239 3329
835139 3336
835152 3334
835217 3335
835243 3333
836143 3340
836157 3338
836221 3339
836247 3337
837150 3344
837161 3342
837225 3343
837254 3341
838151 3348
838165 3346
838229 3347
838255 3345
839155 3352
839169 3350
839233 3351
839259 3349
840159 3356
840174 3354
840237 3355
840263 3353
841163 3360
841178 3358
841241 3359
841267 3357
842167 3364
842182 3362
842246 3363
842271 3361
843172 3368
843186 3366
843250 3367
843275 3365
844176 3372
844190 3370
844254 3371
844279 3369
845180 3376
845194 3374
845258 3375
845283 3373
846184 3380
846198 3378
846262 3379
846287 3377
847188 3384
847202 3382
847266 3383
847291 3381
848192 3388
848206 3386
848270 3387
848295 3385
849196 3392
849210 3390
849274 3391
849299 3389
850200 3396
850214 3394
850285 3395
850303 3393
851204 3400
851218 3398
851282 3399
851307 3397
852208 3404
852222 3402
852286 3403
852311 3401
853212 3408
853226 3406
853290 3407
853315 3405
854216 3412
854230 3410
854294 3411
854319 3409
855220 3416
855234 3414
855298 3415
855322 3413
856224 3420
856238 3418
856302 3419
856327 3417
857228 3424
857242 3422
857306 3423
857331 3421
858232 3428
858246 3426
858310 3427
858334 3425
859236 3432
859250 3430
859315 3431
859339 3429
860240 3436
860254 3434
860319 3435
860342 3433
861244 3440
861258 3438
861323 3439
861346 3437
862248 3444
862262 3442
862327 3443
862350 3441
863252 3448
863266 3446
863331 3447
863354 3445
864256 3452
864270 3450
864335 3451
864358 3449
865260 3456
865274 3454
865339 3455
865362 3453
866264 3460
866278 3458
866343 3459
866366 3457
867268 3464
867282 3462
867347 3463
867370 3461
868272 3468
868286 3466
868351 3467
868374 3465
869276 3472
869290 3470
869355 3471
869378 3469
870280 3476
870294 3474
870359 3475
870382 3473
871284 3480
871298 3478
871363 3479
871386 3477
872287 3484
872302 3482
872367 3483
872390 3481
873292 3488
873306 3486
873371 3487
873394 3485
874295 3492
874310 3490
874375 3491
874398 3489
875300 3496
875314 3494
875379 3495
875402 3493
876303 3500
876318 3498
876383 3499
876406 3497
877307 3504
877322 3502
877388 3503
877410 3501
878311 3508
878326 3506
878392 3507
878414 3505
879315 3512
879330 3510
879396 3511
879418 3509
880319 3516
880334 3514
880400 3515
880422 3513
881323 3520
881338 3518
881404 3519
881426 3517
882327 3524
882342 3522
882408 3523
882430 3521
883331 3528
883345 3526
883412 3527
883434 3525
884335 3532
884350 3530
884416 3531
884438 3529
885339 3536
885353 3534
885420 3535
885442 3533
886343 3540
886357 3538
886424 3539
886446 3537
887347 3544
887362 3542
887429 3543
887450 3541
888351 3548
888366 3546
888432 3547
888454 3545
889355 3552
889370 3550
889436 3551
889458 3549
890359 3556
890374 3554
890440 3555
890462 3553
891363 3560
891377 3558
891444 3559
891466 3557
892367 3564
892381 3562
892448 3563
892470 3561
893371 3568
893385 3566
893452 3567
893474 3565
894375 3572
894389 3570
894457 3571
894478 3569
895379 3576
895393 3574
895461 3575
895482 3573
896383 3580
896397 3578
896465 3579
896486 3577
897387 3584
897401 3582
897469 3583
897490 3581
898391 3588
898405 3586
898473 3587
898493 3585
899395 3592
899409 3590
899477 3591
899497 3589
900399 3596
900413 3594
900481 3595
900501 3593
901403 3600
901417 3598
901485 3599
901506 3597
902407 3604
902421 3602
902489 3603
902510 3601
903411 3608
903425 3606
903493 3607
903514 3605
904415 3612
904429 3610
904497 3611
904517 3609
905419 3616
905433 3614
905501 3615
905521 3613
906423 3620
906437 3618
906505 3619
906525 3617
907427 3624
907441 3622
907509 3623
907529 3621
908431 3628
908445 3626
908513 3627
908533 3625
909435 3632
909449 3630
909517 3631
909538 3629
910439 3636
910453 3634
910521 3635
910542 3633
911443 3640
911457 3638
911526 3639
911546 3637
912447 3644
912461 3642
912530 3643
912550 3641
913451 3648
913465 3646
913534 3647
913554 3645
914454 3652
914469 3650
914538 3651
914558 3649
915458 3656
915473 3654
915542 3655
915562 3653
916463 3660
916477 3658
916546 3659
916566 3657
917467 3664
917481 3662
917550 3663
917570 3661
918471 3668
918485 3666
918554 3667
918574 3665
919474 3672
919489 3670
919558 3671
919579 3669
920479 3676
920499 3674
920562 3675
920583 3673
921482 3680
921497 3678
921566 3679
921587 3677
922486 3684
922501 3682
922570 3683
922591 3681
923491 3688
923505 3686
923574 3687
923595 3685
924494 3692
924509 3690
924578 3691
924599 3689
925498 3696
925513 3694
925583 3695
925603 3693
926502 3700
926517 3698
926586 3699
926607 3697
927506 3704
927521 3702
927590 3703
927611 3701
928510 3708
928525 3706
928594 3707
928615 3705
929514 3712
929529 3710
929598 3711
929619 3709
930518 3716
930533 3714
930603 3715
930623 3713
931522 3720
931537 3718
931607 3719
931627 3717
932526 3724
932541 3722
932611 3723
932632 3721
933530 3728
933545 3726
933615 3727
933636 3725
934534 3732
934549 3730
934619 3731
934640 3729
935538 3736
935553 3734
935623 3735
935644 3733
936542 3740
936557 3738
936627 3739
936648 3737
937546 3744
937561 3742
937631 3743
937652 3741
938550 3748
938565 3746
938635 3747
938656 3745
939554 3752
939569 3750
939639 3751
939660 3749
940558 3756
940573 3754
940643 3755
940664 3753
941562 3760
941577 3758
941647 3759
941668 3757
942566 3764
942581 3762
942651 3763
942696 3761
943570 3768
943655 3767
943776 3766
943911 3765
944574 3772
944613 3770
944659 3771
944748 3769
945578 3776
945593 3774
945663 3775
945685 3773
946582 3780
946597 3778
946667 3779
946689 3777
947586 3784
947601 3782
947672 3783
947693 3781
948590 3788
948605 3786
948676 3787
948697 3785
949594 3792
949609 3790
949680 3791
949701 3789
950598 3796
950613 3794
950684 3795
950705 3793
951602 3800
951617 3798
951688 3799
951709 3797
952606 3804
952621 3802
952692 3803
952713 3801
953610 3808
953625 3806
953696 3807
953718 3805
954614 3812
954629 3810
954700 3811
954722 3809
955618 3816
955633 3814
955704 3815
955726 3813
956622 3820
956637 3818
956708 3819
956730 3817
957626 3824
957641 3822
957712 3823
957734 3821
958630 3828
958645 3826
958716 3827
958771 3825
959634 3832
959720 3831
959851 3830
959986 3829
960638 3836
960653 3834
960724 3835
960746 3833
961642 3840
961657 3838
961728 3839
961750 3837
962646 3844
962661 3842
962732 3843
962754 3841
963650 3848
963665 3846
963736 3847
963758 3845
964653 3852
964669 3850
964740 3851
964762 3849
965658 3856
965673 3854
965745 3855
965767 3853
966661 3860
966677 3858
966749 3859
966771 3857
967666 3864
967681 3862
967753 3863
967775 3861
968669 3868
968685 3866
968756 3867
968779 3865
969673 3872
969689 3870
969761 3871
969783 3869
970677 3876
970693 3874
970765 3875
970787 3873
971681 3880
971697 3878
971769 3879
971791 3877
972685 3884
972701 3882
972773 3883
972795 3881
973689 3888
973705 3886
973777 3887
973799 3885
974693 3892
974709 3890
974781 3891
974803 3889
975697 3896
975713 3894
975785 3895
975808 3893
976701 3900
976717 3898
976789 3899
976812 3897
977705 3904
977721 3902
977793 3903
977816 3901
978709 3908
978725 3906
978797 3907
978820 3905
979713 3912
979729 3910
979801 3911
979824 3909
980717 3916
980733 3914
980805 3915
980828 3913
981721 3920
981736 3918
981809 3919
981920 3917
982725 3924
982814 3923
983000 3922
983134 3921
983729 3928
983817 3927
983837 3926
983972 3925
984733 3932
984749 3930
984822 3931
984844 3929
985737 3936
985753 3934
985826 3935
985849 3933
986741 3940
986757 3938
986830 3939
986853 3937
987745 3944
987761 3942
987834 3943
987857 3941
988749 3948
988764 3946
988838 3947
988860 3945
989753 3952
989769 3950
989842 3951
989865 3949
990757 3956
990772 3954
990846 3955
990869 3953
991761 3960
991777 3958
991850 3959
991873 3957
992765 3964
992780 3962
992854 3963
992877 3961
993769 3968
993784 3966
993858 3967
993881 3965
994773 3972
994789 3970
994862 3971
994885 3969
995777 3976
995793 3974
995866 3975
995917 3973
996781 3980
996808 3978
996870 3979
997131 3977
997785 3984
997834 3982
997874 3983
997969 3981
998789 3988
998804 3986
998878 3987
998902 3985
999793 3992
999809 3990
999882 3991
999906 3989
1000797 3996
1000812 3994
1000887 3995
1000910 3993
1001801 4000
1001816 3998
1001891 3999
1001914 3997
1002805 4004
1002821 4002
1002895 4003
1002918 4001
1003809 4008
1003824 4006
1003899 4007
1003922 4005
1004813 4012
1004828 4010
1004903 4011
1004926 4009
1005817 4016
1005832 4014
1005907 4015
1005930 4013
1006821 4020
1006836 4018
1006911 4019
1006934 4017
1007825 4024
1007840 4022
1007915 4023
1007938 4021
1008829 4028
1008844 4026
1008919 4027
1008942 4025
1009833 4032
1009848 4030
1009923 4031
1009947 4029
1010837 4036
1010852 4034
1010927 4035
1010951 4033
1011841 4040
1011856 4038
1011931 4039
1011955 4037
1012845 4044
1012860 4042
1012935 4043
1012959 4041
1013848 4048
1013864 4046
1013939 4047
1013963 4045
1014853 4052
1014868 4050
1014943 4051
1014967 4049
1015857 4056
1015873 4054
1015947 4055
1015971 4053
1016860 4060
1016876 4058
1016952 4059
1016975 4057
1017864 4064
1017880 4062
1017956 4063
1017979 4061
1018868 4068
1018884 4066
1018960 4067
1018983 4065
1019873 4072
1019888 4070
1019964 4071
1019987 4069
1020876 4076
1020892 4074
1020968 4075
1020991 4073
1021880 4080
1021896 4078
1021972 4079
1021996 4077
1022884 4084
1022900 4082
1022976 4083
1023000 4081
1023888 4088
1023904 4086
1023980 4087
1024003 4085
1024892 4092
1024908 4090
1024984 4091
1025007 4089
1025896 4096
1025912 4094
1025988 4095
1026011 4093
1026900 4100
1026916 4098
1026992 4099
1027015 4097
1027904 4104
1027920 4102
1027996 4103
1028019 4101
1028908 4108
1028924 4106
1029000 4107
1029023 4105
1029912 4112
1029928 4110
1030003 4111
1030028 4109
1030916 4116
1030932 4114
1031007 4115
1031032 4113
1031920 4120
1031936 4118
1032011 4119
1032036 4117
1032924 4124
1032940 4122
1033015 4123
1033040 4121
1033928 4128
1033944 4126
1034019 4127
1034044 4125
1034932 4132
1034948 4130
1035024 4131
1035048 4129
1035936 4136
1035952 4134
1036028 4135
1036052 4133
1036940 4140
1036956 4138
1037032 4139
1037056 4137
1037944 4144
1037960 4142
1038036 4143
1038060 4141
1038948 4148
1038964 4146
1039040 4147
1039064 4145
1039952 4152
1039968 4150
1040044 4151
1040068 4149
1040956 4156
1040972 4154
1041048 4155
1041073 4153
1041960 4160
1041976 4158
1042052 4159
1042077 4157
1042964 4164
1042980 4162
1043056 4163
1043081 4161
1043968 4168
1043984 4166
1044065 4167
1044084 4165
1044972 4172
1044988 4170
1045064 4171
1045089 4169
1045976 4176
1045992 4174
1046068 4175
1046093 4173
1046979 4180
1046996 4178
1047072 4179
1047097 4177
1047984 4184
1048000 4182
1048076 4183
1048101 4181
1048988 4188
1049003 4186
1049080 4187
1049105 4185
1049992 4192
1050007 4190
1050084 4191
1050109 4189
1050996 4196
1051011 4194
1051088 4195
1051113 4193
1052000 4200
1052015 4198
1052092 4199
1052117 4197
1053003 4204
1053019 4202
1053097 4203
1053121 4201
1054007 4208
1054023 4206
1054101 4207
1054126 4205
1055011 4212
1055027 4210
1055105 4211
1055130 4209
1056015 4216
1056031 4214
1056109 4215
1056134 4213
1057019 4220
1057035 4218
1057112 4219
1057138 4217
1058023 4224
1058039 4222
1058117 4223
1058142 4221
1059027 4228
1059043 4226
1059121 4227
1059146 4225
1060031 4232
1060047 4230
1060125 4231
1060150 4229
1061034 4236
1061051 4234
1061129 4235
1061154 4233
1062038 4240
1062055 4238
1062133 4239
1062158 4237
1063042 4244
1063059 4242
1063137 4243
1063163 4241
1064046 4248
1064063 4246
1064141 4247
1064167 4245
1065050 4252
1065067 4250
1065145 4251
1065172 4249
1066054 4256
1066071 4254
1066149 4255
1066176 4253
1067058 4260
1067075 4258
1067153 4259
1067180 4257
1068062 4264
1068078 4262
1068157 4263
1068184 4261
1069066 4268
1069083 4266
1069161 4267
1069188 4265
1070070 4272
1070087 4270
1070166 4271
1070192 4269
1071074 4276
1071091 4274
1071170 4275
1071196 4273
1072078 4280
1072175 4279
1072251 4278
1072575 4277
1073082 4284
1073179 4283
1073277 4282
1073412 4281
1074086 4288
1074103 4286
1074183 4287
1074208 4285
1075090 4292
1075107 4290
1075187 4291
1075213 4289
1076094 4296
1076111 4294
1076191 4295
1076217 4293
1077098 4300
1077115 4298
1077195 4299
1077221 4297
1078102 4304
1078119 4302
1078199 4303
1078225 4301
1079106 4308
1079123 4306
1079203 4307
1079229 4305
1080110 4312
1080127 4310
1080207 4311
1080233 4309
1081114 4316
1081131 4314
1081211 4315
1081237 4313
1082118 4320
1082135 4318
1082215 4319
1082241 4317
1083122 4324
1083139 4322
1083219 4323
1083245 4321
1084126 4328
1084143 4326
1084223 4327
1084249 4325
1085130 4332
1085147 4330
1085227 4331
1085253 4329
1086134 4336
1086151 4334
1086231 4335
1086258 4333
1087138 4340
1087155 4338
1087236 4339
1087262 4337
1088142 4344
1088159 4342
1088240 4343
1088265 4341
1089146 4348
1089163 4346
1089244 4347
1089270 4345
1090150 4352
1090167 4350
1090248 4351
1090274 4349
1091154 4356
1091172 4354
1091252 4355
1091278 4353
1092158 4360
1092176 4358
1092256 4359
1092282 4357
1093162 4364
1093179 4362
1093260 4363
1093286 4361
1094166 4368
1094183 4366
1094264 4367
1094290 4365
1095170 4372
1095188 4370
1095268 4371
1095294 4369
1096175 4376
1096191 4374
1096272 4375
1096298 4373
1097179 4380
1097196 4378
1097276 4379
1097302 4377
1098183 4384
1098199 4382
1098280 4383
1098307 4381
1099187 4388
1099204 4386
1099284 4387
1099311 4385
1100191 4392
1100207 4390
1100288 4391
1100315 4389
1101195 4396
1101211 4394
1101292 4395
1101319 4393
1102199 4400
1102216 4398
1102296 4399
1102323 4397
1103203 4404
1103219 4402
1103301 4403
1103327 4401
1104207 4408
1104223 4406
1104304 4407
1104331 4405
1105211 4412
1105228 4410
1105309 4411
1105335 4409
1106215 4416
1106232 4414
1106313 4415
1106339 4413
1107218 4420
1107235 4418
1107317 4419
1107343 4417
1108223 4424
1108239 4422
1108321 4423
1108347 4421
1109226 4428
1109243 4426
1109325 4427
1109352 4425
1110230 4432
1110247 4430
1110329 4431
1110356 4429
1111234 4436
1111333 4435
1111400 4434
1111723 4433
1112239 4440
1112337 4439
1112426 4438
1112561 4437
1113242 4444
1113260 4442
1113341 4443
1113368 4441
1114246 4448
1114263 4446
1114345 4447
1114372 4445
1115250 4452
1115267 4450
1115349 4451
1115376 4449
1116255 4456
1116271 4454
1116353 4455
1116380 4453
1117258 4460
1117275 4458
1117357 4459
1117384 4457
1118262 4464
1118279 4462
1118361 4463
1118388 4461
1119266 4468
1119283 4466
1119366 4467
1119392 4465
1120270 4472
1120287 4470
1120369 4471
1120397 4469
1121274 4476
1121291 4474
1121374 4475
1121401 4473
1122278 4480
1122295 4478
1122378 4479
1122405 4477
1123282 4484
1123299 4482
1123382 4483
1123409 4481
1124286 4488
1124303 4486
1124386 4487
1124413 4485
1125290 4492
1125307 4490
1125390 4491
1125417 4489
1126294 4496
1126311 4494
1126394 4495
1126421 4493
1127298 4500
1127315 4498
1127398 4499
1127425 4497
1128302 4504
1128319 4502
1128402 4503
1128429 4501
1129306 4508
1129323 4506
1129406 4507
1129433 4505
1130310 4512
1130327 4510
1130410 4511
1130437 4509
1131314 4516
1131331 4514
1131414 4515
1131442 4513
1132318 4520
1132335 4518
1132418 4519
1132446 4517
1133322 4524
1133339 4522
1133422 4523
1133450 4521
1134326 4528
1134343 4526
1134426 4527
1134454 4525
1135330 4532
1135347 4530
1135430 4531
1135458 4529
1136334 4536
1136351 4534
1136435 4535
1136462 4533
1137338 4540
1137355 4538
1137439 4539
1137466 4537
1138342 4544
1138359 4542
1138442 4543
1138470 4541
1139346 4548
1139363 4546
1139447 4547
1139474 4545
1140350 4552
1140367 4550
1140451 4551
1140478 4549
1141354 4556
1141371 4554
1141455 4555
1141482 4553
1142358 4560
1142375 4558
1142459 4559
1142487 4557
1143362 4564
1143379 4562
1143463 4563
1143490 4561
1144366 4568
1144383 4566
1144467 4567
1144495 4565
1145370 4572
1145387 4570
1145471 4571
1145499 4569
1146374 4576
1146391 4574
1146475 4575
1146503 4573
1147378 4580
1147395 4578
1147479 4579
1147507 4577
1148382 4584
1148399 4582
1148483 4583
1148511 4581
1149386 4588
1149403 4586
1149487 4587
1149515 4585
1150390 4592
1150407 4590
1150491 4591
1150519 4589
1151394 4596
1151411 4594
1151495 4595
1151523 4593
1152398 4600
1152415 4598
1152499 4599
1152528 4597
1153401 4604
1153419 4602
1153503 4603
1153532 4601
1154405 4608
1154423 4606
1154508 4607
1154536 4605
1155409 4612
1155427 4610
1155512 4611
1155540 4609
1156413 4616
1156431 4614
1156515 4615
1156544 4613
1157417 4620
1157435 4618
1157520 4619
1157548 4617
1158421 4624
1158439 4622
1158524 4623
1158552 4621
1159425 4628
1159443 4626
1159528 4627
1159556 4625
1160429 4632
1160447 4630
1160532 4631
1160560 4629
1161433 4636
1161451 4634
1161536 4635
1161564 4633
1162437 4640
1162455 4638
1162540 4639
1162571 4637
1163441 4644
1163459 4642
1163544 4643
1163572 4641
1164445 4648
1164463 4646
1164548 4647
1164577 4645
1165449 4652
1165467 4650
1165552 4651
1165581 4649
1166453 4656
1166471 4654
1166556 4655
1166585 4653
1167457 4660
1167475 4658
1167560 4659
1167589 4657
1168461 4664
1168479 4662
1168564 4663
1168593 4661
1169465 4668
1169483 4666
1169568 4667
1169597 4665
1170469 4672
1170487 4670
1170572 4671
1170707 4669
1171473 4676
1171491 4674
1171576 4675
1171605 4673
1172477 4680
1172495 4678
1172581 4679
1172609 4677
1173481 4684
1173499 4682
1173585 4683
1173613 4681
1174485 4688
1174503 4686
1174589 4687
1174617 4685
1175489 4692
1175507 4690
1175593 4691
1175621 4689
1176493 4696
1176511 4694
1176597 4695
1176626 4693
1177497 4700
1177515 4698
1177601 4699
1177630 4697
1178501 4704
1178519 4702
1178605 4703
1178634 4701
1179505 4708
1179523 4706
1179609 4707
1179638 4705
1180509 4712
1180527 4710
1180613 4711
1180642 4709
1181513 4716
1181531 4714
1181617 4715
1181646 4713
1182517 4720
1182535 4718
1182621 4719
1182650 4717
1183521 4724
1183539 4722
1183625 4723
1183654 4721
1184525 4728
1184543 4726
1184629 4727
1184658 4725
1185529 4732
1185546 4730
1185634 4731
1185667 4729
1186533 4736
1186637 4735
1186747 4734
1186882 4733
1187537 4740
1187584 4738
1187641 4739
1187719 4737
1188541 4744
1188559 4742
1188646 4743
1188675 4741
1189545 4748
1189563 4746
1189650 4747
1189679 4745
1190549 4752
1190567 4750
1190654 4751
1190683 4749
1191553 4756
1191571 4754
1191658 4755
1191687 4753
1192557 4760
1192575 4758
1192662 4759
1192691 4757
1193561 4764
1193579 4762
1193665 4763
1193695 4761
1194565 4768
1194583 4766
1194670 4767
1194699 4765
1195569 4772
1195587 4770
1195674 4771
1195703 4769
1196573 4776
1196591 4774
1196678 4775
1196708 4773
1197576 4780
1197595 4778
1197682 4779
1197712 4777
1198580 4784
1198599 4782
1198686 4783
1198715 4781
1199585 4788
1199603 4786
1199690 4787
1199720 4785
1200588 4792
1200607 4790
1200694 4791
1200724 4789
1201592 4796
1201611 4794
1201698 4795
1201728 4793
1202596 4800
1202615 4798
1202702 4799
1202732 4797
1203600 4804
1203619 4802
1203706 4803
1203741 4801
1204604 4808
1204623 4806
1204710 4807
1204740 4805
1205608 4812
1205627 4810
1205715 4811
1205744 4809
1206612 4816
1206631 4814
1206719 4815
1206748 4813
1207616 4820
1207635 4818
1207723 4819
1207753 4817
1208620 4824
1208638 4822
1208726 4823
1208756 4821
1209624 4828
1209642 4826
1209731 4827
1209761 4825
1210628 4832
1210647 4830
1210735 4831
1210765 4829
1211632 4836
1211651 4834
1211739 4835
1211769 4833
1212637 4840
1212655 4838
1212743 4839
1212773 4837
1213640 4844
1213659 4842
1213747 4843
1213777 4841
1214644 4848
1214662 4846
1214751 4847
1214781 4845
1215648 4852
1215667 4850
1215755 4851
1215785 4849
1216652 4856
1216671 4854
1216759 4855
1216789 4853
1217656 4860
1217674 4858
1217763 4859
1217793 4857
1218660 4864
1218679 4862
1218767 4863
1218797 4861
1219664 4868
1219682 4866
1219771 4867
1219801 4865
1220668 4872
1220686 4870
1220775 4871
1220806 4869
1221672 4876
1221691 4874
1221780 4875
1221810 4873
1222676 4880
1222694 4878
1222784 4879
1222814 4877
1223680 4884
1223698 4882
1223788 4883
1223818 4881
1224684 4888
1224702 4886
1224791 4887
1224822 4885
1225688 4892
1225706 4890
1225796 4891
1225826 4889
1226692 4896
1226710 4894
1226800 4895
1226830 4893
1227696 4900
1227714 4898
1227804 4899
1227834 4897
1228700 4904
1228718 4902
1228808 4903
1228838 4901
1229704 4908
1229722 4906
1229812 4907
1229842 4905
1230708 4912
1230726 4910
1230816 4911
1230846 4909
1231712 4916
1231730 4914
1231820 4915
1231851 4913
1232716 4920
1232734 4918
1232824 4919
1232855 4917
1233720 4924
1233738 4922
1233828 4923
1233859 4921
1234729 4928
1234742 4926
1234832 4927
1234863 4925
1235728 4932
1235746 4930
1235836 4931
1235867 4929
1236732 4936
1236750 4934
1236840 4935
1236871 4933
1237736 4940
1237754 4938
1237850 4939
1237875 4937
1238740 4944
1238758 4942
1238848 4943
1238879 4941
1239744 4948
1239763 4946
1239853 4947
1239883 4945
1240748 4952
1240766 4950
1240857 4951
1240888 4949
1241752 4956
1241770 4954
1241861 4955
1241892 4953
1242755 4960
1242774 4958
1242865 4959
1242896 4957
1243760 4964
1243778 4962
1243869 4963
1243900 4961
1244764 4968
1244782 4966
1244873 4967
1244904 4965
1245767 4972
1245786 4970
1245877 4971
1245908 4969
1246771 4976
1246790 4974
1246881 4975
1246912 4973
1247775 4980
1247794 4978
1247885 4979
1247916 4977
1248779 4984
1248798 4982
1248889 4983
1248920 4981
1249783 4988
1249802 4986
1249893 4987
1249924 4985
1250787 4992
1250806 4990
1250897 4991
1250928 4989
1251791 4996
1251810 4994
1251901 4995
1251933 4993
1252795 5000
1252814 4998
1252905 4999
1252937 4997
1253799 5004
1253818 5002
1253909 5003
1253941 5001
1254803 5008
1254822 5006
1254913 5007
1254945 5005
1255807 5012
1255826 5010
1255918 5011
1255949 5009
1256811 5016
1256830 5014
1256922 5015
1256953 5013
1257815 5020
1257834 5018
1257926 5019
1257957 5017
1258819 5024
1258838 5022
1258930 5023
1258961 5021
1259823 5028
1259842 5026
1259936 5027
1259965 5025
1260827 5032
1260846 5030
1260938 5031
1260969 5029
1261831 5036
1261850 5034
1261942 5035
1261973 5033
1262835 5040
1262854 5038
1262946 5039
1262978 5037
1263839 5044
1263858 5042
1263950 5043
1263981 5041
1264843 5048
1264862 5046
1264954 5047
1264986 5045
1265847 5052
1265866 5050
1265958 5051
1265990 5049
1266851 5056
1266870 5054
1266962 5055
1266994 5053
1267855 5060
1267874 5058
1267966 5059
1267998 5057
1268859 5064
1268878 5062
1268970 5063
1269001 5061
1269863 5068
1269882 5066
1269974 5067
1270005 5065
1270867 5072
1270886 5070
1270978 5071
1271009 5069
1271871 5076
1271890 5074
1271983 5075
1272013 5073
1272875 5080
1272894 5078
1272987 5079
1273017 5077
1273879 5084
1273898 5082
1273991 5083
1274021 5081
1274883 5088
1274902 5086
1274995 5087
1275026 5085
1275887 5092
1275906 5090
1275999 5091
1276030 5089
1276891 5096
1276910 5094
1277002 5095
1277034 5093
1277895 5100
1277914 5098
1278006 5099
1278038 5097
1278899 5104
1278918 5102
1279010 5103
1279042 5101
1279910 5108
1279922 5106
1280014 5107
1280046 5105
1280907 5112
1280926 5110
1281018 5111
1281050 5109
1281911 5116
1281930 5114
1282022 5115
1282054 5113
1282915 5120
1282934 5118
1283026 5119
1283058 5117
1283919 5124
1283938 5122
1284030 5123
1284062 5121
1284923 5128
1284942 5126
1285034 5127
1285066 5125
1285927 5132
1285946 5130
1286038 5131
1286070 5129
1286931 5136
1286950 5134
1287042 5135
1287074 5133
1287935 5140
1287954 5138
1288046 5139
1288079 5137
1288939 5144
1288958 5142
1289051 5143
1289083 5141
1289943 5148
1289962 5146
1290054 5147
1290087 5145
1290946 5152
1290966 5150
1291059 5151
1291091 5149
1291951 5156
1291970 5154
1292063 5155
1292095 5153
1292954 5160
1292974 5158
1293067 5159
1293099 5157
1293958 5164
1293978 5162
1294071 5163
1294103 5161
1294963 5168
1294982 5166
1295075 5167
1295107 5165
1295966 5172
1295986 5170
1296079 5171
1296111 5169
1296970 5176
1296990 5174
1297083 5175
1297116 5173
1297974 5180
1297994 5178
1298087 5179
1298120 5177
1298978 5184
1298998 5182
1299091 5183
1299124 5181
1299982 5188
1300001 5186
1300095 5187
1300128 5185
1300986 5192
1301005 5190
1301099 5191
1301132 5189
1301990 5196
1302009 5194
1302103 5195
1302136 5193
1302994 5200
1303013 5198
1303107 5199
1303140 5197
1303998 5204
1304017 5202
1304111 5203
1304144 5201
1305001 5208
1305021 5206
1305115 5207
1305148 5205
1306005 5212
1306025 5210
1306119 5211
1306152 5209
1307009 5216
1307029 5214
1307124 5215
1307156 5213
1308013 5220
1308033 5218
1308128 5219
1308161 5217
1309017 5224
1309037 5222
1309132 5223
1309165 5221
1310021 5228
1310041 5226
1310136 5227
1310169 5225
1311025 5232
1311045 5230
1311140 5231
1311174 5229
1312029 5236
1312049 5234
1312144 5235
1312178 5233
1313033 5240
1313053 5238
1313148 5239
1313182 5237
1314037 5244
1314057 5242
1314152 5243
1314186 5241
1315041 5248
1315061 5246
1315156 5247
1315190 5245
1316045 5252
1316065 5250
1316160 5251
1316194 5249
1317049 5256
1317069 5254
1317164 5255
1317198 5253
1318053 5260
1318073 5258
1318168 5259
1318202 5257
1319057 5264
1319077 5262
1319173 5263
1319206 5261
1320061 5268
1320080 5266
1320177 5267
1320211 5265
1321065 5272
1321085 5270
1321181 5271
1321214 5269
1322069 5276
1322088 5274
1322185 5275
1322219 5273
1323073 5280
1323093 5278
1323190 5279
1323223 5277
1324077 5284
1324096 5282
1324194 5283
1324227 5281
1325081 5288
1325100 5286
1325198 5287
1325231 5285
1326085 5292
1326104 5290
1326202 5291
1326235 5289
1327089 5296
1327108 5294
1327206 5295
1327239 5293
1328093 5300
1328112 5298
1328210 5299
1328243 5297
1329097 5304
1329116 5302
1329214 5303
1329247 5301
1330101 5308
1330120 5306
1330218 5307
1330251 5305
1331105 5312
1331124 5310
1331222 5311
1331256 5309
1332109 5316
1332128 5314
1332226 5315
1332260 5313
1333113 5320
1333132 5318
1333230 5319
1333264 5317
1334117 5324
1334136 5322
1334234 5323
1334268 5321
1335121 5328
1335140 5326
1335238 5327
1335272 5325
1336124 5332
1336145 5330
1336242 5331
1336276 5329
1337129 5336
1337148 5334
1337246 5335
1337280 5333
1338133 5340
1338152 5338
1338251 5339
1338284 5337
1339137 5344
1339156 5342
1339255 5343
1339288 5341
1340140 5348
1340160 5346
1340259 5347
1340292 5345
1341145 5352
1341164 5350
1341263 5351
1341297 5349
1342148 5356
1342168 5354
1342267 5355
1342300 5353
1343152 5360
1343173 5358
1343271 5359
1343305 5357
1344157 5364
1344177 5362
1344275 5363
1344309 5361
1345160 5368
1345181 5366
1345279 5367
1345313 5365
1346164 5372
1346185 5370
1346283 5371
1346317 5369
1347168 5376
1347189 5374
1347287 5375
1347321 5373
1348173 5380
1348193 5378
1348291 5379
1348325 5377
1349177 5384
1349197 5382
1349295 5383
1349329 5381
1350181 5388
1350201 5386
1350299 5387
1350333 5385
1351185 5392
1351205 5390
1351303 5391
1351337 5389
1352189 5396
1352209 5394
1352307 5395
1352342 5393
1353193 5400
1353213 5398
1353311 5399
1353346 5397
1354197 5404
1354217 5402
1354315 5403
1354350 5401
1355201 5408
1355221 5406
1355319 5407
1355354 5405
1356205 5412
1356225 5410
1356323 5411
1356358 5409
1357209 5416
1357229 5414
1357328 5415
1357362 5413
1358213 5420
1358233 5418
1358332 5419
1358366 5417
1359217 5424
1359237 5422
1359336 5423
1359370 5421
1360221 5428
1360241 5426
1360340 5427
1360374 5425
1361225 5432
1361245 5430
1361344 5431
1361378 5429
1362229 5436
1362249 5434
1362348 5435
1362382 5433
1363233 5440
1363253 5438
1363352 5439
1363387 5437
1364237 5444
1364257 5442
1364356 5443
1364391 5441
1365241 5448
1365261 5446
1365360 5447
1365395 5445
1366245 5452
1366265 5450
1366364 5451
1366398 5449
1367249 5456
1367269 5454
1367368 5455
1367403 5453
1368253 5460
1368273 5458
1368372 5459
1368407 5457
1369257 5464
1369277 5462
1369376 5463
1369411 5461
1370261 5468
1370281 5466
1370380 5467
1370415 5465
1371265 5472
1371285 5470
1371384 5471
1371426 5469
1372269 5476
1372289 5474
1372389 5475
1372423 5473
1373273 5480
1373293 5478
1373393 5479
1373427 5477
1374277 5484
1374297 5482
1374397 5483
1374431 5481
1375281 5488
1375301 5486
1375401 5487
1375436 5485
1376285 5492
1376305 5490
1376405 5491
1376440 5489
1377289 5496
1377309 5494
1377409 5495
1377444 5493
1378292 5500
1378313 5498
1378413 5499
1378448 5497
1379296 5504
1379317 5502
1379417 5503
1379452 5501
1380300 5508
1380321 5506
1380421 5507
1380456 5505
1381305 5512
1381325 5510
1381425 5511
1381460 5509
1382309 5516
1382329 5514
1382429 5515
1382464 5513
1383313 5520
1383333 5518
1383433 5519
1383468 5517
1384316 5524
1384337 5522
1384437 5523
1384472 5521
1385320 5528
1385341 5526
1385441 5527
1385477 5525
1386324 5532
1386345 5530
1386445 5531
1386480 5529
1387328 5536
1387349 5534
1387449 5535
1387484 5533
1388332 5540
1388353 5538
1388454 5539
1388489 5537
1389336 5544
1389357 5542
1389458 5543
1389493 5541
1390340 5548
1390361 5546
1390462 5547
1390497 5545
1391344 5552
1391365 5550
1391466 5551
1391501 5549
1392348 5556
1392369 5554
1392470 5555
1392505 5553
1393352 5560
1393373 5558
1393474 5559
1393509 5557
1394356 5564
1394377 5562
1394478 5563
1394513 5561
1395360 5568
1395381 5566
1395482 5567
1395517 5565
1396364 5572
1396385 5570
1396486 5571
1396521 5569
1397368 5576
1397389 5574
1397490 5575
1397526 5573
1398372 5580
1398393 5578
1398494 5579
1398530 5577
1399376 5584
1399397 5582
1399498 5583
1399534 5581
1400380 5588
1400401 5586
1400502 5587
1400538 5585
1401384 5592
1401405 5590
1401506 5591
1401542 5589
1402388 5596
1402409 5594
1402510 5595
1402546 5593
1403392 5600
1403413 5598
1403514 5599
1403550 5597
1404396 5604
1404417 5602
1404518 5603
1404554 5601
1405400 5608
1405421 5606
1405522 5607
1405558 5605
1406404 5612
1406425 5610
1406527 5611
1406562 5609
1407408 5616
1407429 5614
1407531 5615
1407566 5613
1408412 5620
1408433 5618
1408535 5619
1408570 5617
1409416 5624
1409437 5622
1409539 5623
1409575 5621
1410420 5628
1410441 5626
1410543 5627
1410579 5625
1411424 5632
1411445 5630
1411547 5631
1411583 5629
1412428 5636
1412449 5634
1412551 5635
1412587 5633
1413432 5640
1413452 5638
1413555 5639
1413591 5637
1414436 5644
1414456 5642
1414559 5643
1414595 5641
1415440 5648
1415461 5646
1415563 5647
1415599 5645
1416444 5652
1416465 5650
1416567 5651
1416603 5649
1417448 5656
1417469 5654
1417571 5655
1417607 5653
1418452 5660
1418472 5658
1418575 5659
1418611 5657
1419456 5664
1419477 5662
1419579 5663
1419616 5661
1420460 5668
1420480 5666
1420584 5667
1420620 5665
1421464 5672
1421484 5670
1421588 5671
1421624 5669
1422468 5676
1422489 5674
1422591 5675
1422628 5673
1423472 5680
1423493 5678
1423595 5679
1423632 5677
1424476 5684
1424496 5682
1424600 5683
1424636 5681
1425480 5688
1425500 5686
1425604 5687
1425640 5685
1426483 5692
1426504 5690
1426608 5691
1426644 5689
1427488 5696
1427508 5694
1427612 5695
1427648 5693
1428492 5700
1428513 5698
1428616 5699
1428652 5697
1429496 5704
1429517 5702
1429620 5703
1429656 5701
1430500 5708
1430520 5706
1430624 5707
1430660 5705
1431504 5712
1431524 5710
1431628 5711
1431665 5709
1432507 5716
1432529 5714
1432632 5715
1432669 5713
1433511 5720
1433533 5718
1433636 5719
1433673 5717
1434515 5724
1434536 5722
1434640 5723
1434677 5721
1435519 5728
1435540 5726
1435644 5727
1435681 5725
1436523 5732
1436544 5730
1436648 5731
1436685 5729
1437528 5736
1437548 5734
1437653 5735
1437689 5733
1438531 5740
1438552 5738
1438657 5739
1438693 5737
1439535 5744
1439556 5742
1439661 5743
1439697 5741
1440539 5748
1440560 5746
1440665 5747
1440701 5745
1441543 5752
1441564 5750
1441668 5751
1441705 5749
1442547 5756
1442568 5754
1442673 5755
1442710 5753
1443551 5760
1443572 5758
1443677 5759
1443714 5757
1444555 5764
1444576 5762
1444681 5763
1444718 5761
1445559 5768
1445580 5766
1445685 5767
1445722 5765
1446563 5772
1446584 5770
1446689 5771
1446726 5769
1447567 5776
1447588 5774
1447693 5775
1447730 5773
1448571 5780
1448592 5778
1448697 5779
1448734 5777
1449575 5784
1449596 5782
1449701 5783
1449738 5781
1450579 5788
1450600 5786
1450705 5787
1450742 5785
1451583 5792
1451604 5790
1451709 5791
1451746 5789
1452587 5796
1452608 5794
1452713 5795
1452750 5793
1453591 5800
1453612 5798
1453718 5799
1453754 5797
1454595 5804
1454616 5802
1454722 5803
1454759 5801
1455599 5808
1455620 5806
1455726 5807
1455763 5805
1456603 5812
1456624 5810
1456730 5811
1456767 5809
1457607 5816
1457628 5814
1457734 5815
1457771 5813
1458611 5820
1458632 5818
1458738 5819
1458775 5817
1459615 5824
1459636 5822
1459742 5823
1459779 5821
1460619 5828
1460640 5826
1460746 5827
1460783 5825
1461623 5832
1461644 5830
1461750 5831
1461787 5829
1462627 5836
1462648 5834
1462754 5835
1462791 5833
1463631 5840
1463652 5838
1463758 5839
1463796 5837
1464635 5844
1464656 5842
1464762 5843
1464800 5841
1465639 5848
1465660 5846
1465766 5847
1465804 5845
1466643 5852
1466664 5850
1466770 5851
1466808 5849
1467647 5856
1467668 5854
1467774 5855
1467812 5853
1468650 5860
1468672 5858
1468778 5859
1468816 5857
1469655 5864
1469676 5862
1469782 5863
1469820 5861
1470658 5868
1470680 5866
1470787 5867
1470824 5865
1471663 5872
1471684 5870
1471790 5871
1471828 5869
1472667 5876
1472688 5874
1472795 5875
1472832 5873
1473670 5880
1473692 5878
1473799 5879
1473836 5877
1474675 5884
1474696 5882
1474803 5883
1474840 5881
1475679 5888
1475700 5886
1475807 5887
1475844 5885
1476682 5892
1476704 5890
1476811 5891
1476848 5889
1477686 5896
1477708 5894
1477815 5895
1477853 5893
1478690 5900
1478712 5898
1478819 5899
1478857 5897
1479695 5904
1479716 5902
1479823 5903
1479861 5901
1480698 5908
1480720 5906
1480827 5907
1480865 5905
1481702 5912
1481724 5910
1481831 5911
1481869 5909
1482706 5916
1482728 5914
1482835 5915
1482873 5913
1483710 5920
1483732 5918
1483839 5919
1483877 5917
1484714 5924
1484736 5922
1484843 5923
1484881 5921
1485718 5928
1485740 5926
1485847 5927
1485886 5925
1486722 5932
1486744 5930
1486852 5931
1486890 5929
1487726 5936
1487748 5934
1487856 5935
1487894 5933
1488730 5940
1488752 5938
1488859 5939
1488898 5937
1489734 5944
1489756 5942
1489864 5943
1489902 5941
1490738 5948
1490760 5946
1490868 5947
1490906 5945
1491742 5952
1491764 5950
1491872 5951
1491910 5949
1492746 5956
1492768 5954
1492876 5955
1492914 5953
1493750 5960
1493772 5958
1493880 5959
1493918 5957
1494754 5964
1494776 5962
1494884 5963
1494922 5961
1495758 5968
1495780 5966
1495888 5967
1495926 5965
1496762 5972
1496784 5970
1496892 5971
1496931 5969
1497766 5976
1497788 5974
1497896 5975
1497935 5973
1498770 5980
1498792 5978
1498900 5979
1498938 5977
1499774 5984
1499796 5982
1499904 5983
1499943 5981
1500778 5988
1500800 5986
1500908 5987
1500947 5985
1501782 5992
1501804 5990
1501912 5991
1501951 5989
1502786 5996
1502808 5994
1502916 5995
1502955 5993
1503790 6000
1503812 5998
1503921 5999
1503959 5997
1504794 6004
1504816 6002
1504925 6003
1504963 6001
1505797 6008
1505820 6006
1505929 6007
1505967 6005
1506802 6012
1506824 6010
1506933 6011
1506971 6009
1507806 6016
1507828 6014
1507937 6015
1507975 6013
1508810 6020
1508832 6018
1508941 6019
1508980 6017
1509814 6024
1509836 6022
1509945 6023
1509984 6021
1510817 6028
1510839 6026
1510949 6027
1510988 6025
1511822 6032
1511844 6030
1511953 6031
1511992 6029
1512826 6036
1512848 6034
1512957 6035
1512996 6033
1513830 6040
1513852 6038
1513961 6039
1514000 6037
1514834 6044
1514856 6042
1514965 6043
1515003 6041
1515838 6048
1515860 6046
1515969 6047
1516007 6045
1516842 6052
1516864 6050
1516974 6051
1517011 6049
1517846 6056
1517868 6054
1517978 6055
1518015 6053
1518849 6060
1518872 6058
1518981 6059
1519019 6057
1519853 6064
1519876 6062
1519986 6063
1520024 6061
1520857 6068
1520880 6066
1520989 6067
1521028 6065
1521862 6072
1521884 6070
1521994 6071
1522032 6069
1522865 6076
1522888 6074
1522998 6075
1523036 6073
1523869 6080
1523892 6078
1524001 6079
1524040 6077
1524873 6084
1524896 6082
1525005 6083
1525044 6081
1525877 6088
1525900 6086
1526009 6087
1526048 6085
1526881 6092
1526904 6090
1527013 6091
1527052 6089
1527885 6096
1527908 6094
1528017 6095
1528056 6093
1528889 6100
1528912 6098
1529021 6099
1529060 6097
1529893 6104
1529916 6102
1530025 6103
1530064 6101
1530897 6108
1530920 6106
1531029 6107
1531068 6105
1531901 6112
1531924 6110
1532034 6111
1532073 6109
1532905 6116
1532927 6114
1533037 6115
1533077 6113
1533910 6120
1533931 6118
1534041 6119
1534081 6117
1534913 6124
1534936 6122
1535046 6123
1535085 6121
1535917 6128
1535940 6126
1536050 6127
1536089 6125
1536921 6132
1536944 6130
1537054 6131
1537093 6129
1537925 6136
1537948 6134
1538058 6135
1538097 6133
1538929 6140
1538952 6138
1539062 6139
1539101 6137
1539933 6144
1539955 6142
1540066 6143
1540105 6141
1540937 6148
1540959 6146
1541070 6147
1541109 6145
1541941 6152
1541963 6150
1542074 6151
1542114 6149
1542945 6156
1542967 6154
1543078 6155
1543118 6153
1543949 6160
1543971 6158
1544082 6159
1544122 6157
1544953 6164
1544975 6162
1545086 6163
1545126 6161
1545957 6168
1545979 6166
1546090 6167
1546130 6165
1546961 6172
1546983 6170
1547094 6171
1547134 6169
1547965 6176
1547987 6174
1548098 6175
1548138 6173
1548969 6180
1548991 6178
1549102 6179
1549142 6177
1549973 6184
1549995 6182
1550106 6183
1550146 6181
1550977 6188
1550999 6186
1551111 6187
1551150 6185
1551981 6192
1552003 6190
1552114 6191
1552154 6189
1552985 6196
1553006 6194
1553119 6195
1553159 6193
1553989 6200
1554010 6198
1554123 6199
1554163 6197
1554993 6204
1555014 6202
1555127 6203
1555167 6201
1555997 6208
1556018 6206
1556131 6207
1556172 6205
1557000 6212
1557022 6210
1557135 6211
1557176 6209
1558004 6216
1558026 6214
1558139 6215
1558180 6213
1559008 6220
1559030 6218
1559143 6219
1559184 6217
1560012 6224
1560034 6222
1560147 6223
1560188 6221
1561016 6228
1561038 6226
1561151 6227
1561192 6225
1562020 6232
1562042 6230
1562155 6231
1562196 6229
1563024 6236
1563046 6234
1563160 6235
1563200 6233
1564028 6240
1564050 6238
1564163 6239
1564204 6237
1565031 6244
1565054 6242
1565167 6243
1565209 6241
1566036 6248
1566058 6246
1566172 6247
1566213 6245
1567039 6252
1567062 6250
1567176 6251
1567217 6249
1568043 6256
1568066 6254
1568180 6255
1568221 6253
1569048 6260
1569070 6258
1569185 6259
1569225 6257
1570051 6264
1570074 6262
1570189 6263
1570229 6261
1571055 6268
1571078 6266
1571193 6267
1571233 6265
1572059 6272
1572082 6270
1572197 6271
1572237 6269
1573063 6276
1573086 6274
1573201 6275
1573241 6273
1574067 6280
1574090 6278
1574205 6279
1574245 6277
1575071 6284
1575094 6282
1575209 6283
1575249 6281
1576075 6288
1576098 6286
1576213 6287
1576254 6285
1577079 6292
1577102 6290
1577217 6291
1577258 6289
1578083 6296
1578106 6294
1578221 6295
1578262 6293
1579087 6300
1579110 6298
1579225 6299
1579266 6297
1580091 6304
1580114 6302
1580229 6303
1580424 6301
1581095 6308
1581118 6306
1581233 6307
1581274 6305
1582099 6312
1582122 6310
1582237 6311
1582278 6309
1583103 6316
1583126 6314
1583241 6315
1583282 6313
1584107 6320
1584130 6318
1584245 6319
1584286 6317
1585111 6324
1585134 6322
1585250 6323
1585290 6321
1586115 6328
1586138 6326
1586254 6327
1586295 6325
1587119 6332
1587142 6330
1587258 6331
1587299 6329
1588123 6336
1588146 6334
1588262 6335
1588303 6333
1589127 6340
1589150 6338
1589266 6339
1589307 6337
1590131 6344
1590154 6342
1590270 6343
1590311 6341
1591135 6348
1591158 6346
1591274 6347
1591315 6345
1592139 6352
1592162 6350
1592278 6351
1592319 6349
1593143 6356
1593166 6354
1593282 6355
1593323 6353
1594147 6360
1594170 6358
1594286 6359
1594327 6357
1595151 6364
1595175 6362
1595290 6363
1595331 6361
1596155 6368
1596179 6366
1596294 6367
1596335 6365
1597158 6372
1597183 6370
1597298 6371
1597340 6369
1598163 6376
1598187 6374
1598302 6375
1598343 6373
1599167 6380
1599191 6378
1599306 6379
1599348 6377
1600172 6384
1600195 6382
1600311 6383
1600352 6381
1601176 6388
1601199 6386
1601315 6387
1601356 6385
1602180 6392
1602203 6390
1602319 6391
1602360 6389
1603184 6396
1603207 6394
1603323 6395
1603364 6393
1604188 6400
1604211 6398
1604327 6399
1604368 6397
1605191 6404
1605215 6402
1605331 6403
1605372 6401
1606196 6408
1606219 6406
1606335 6407
1606376 6405
1607200 6412
1607223 6410
1607339 6411
1607380 6409
1608204 6416
1608227 6414
1608343 6415
1608385 6413
1609208 6420
1609231 6418
1609347 6419
1609389 6417
1610212 6424
1610235 6422
1610351 6423
1610392 6421
1611216 6428
1611239 6426
1611355 6427
1611397 6425
1612220 6432
1612243 6430
1612359 6431
1612401 6429
1613224 6436
1613247 6434
1613363 6435
1614227 6440
1614251 6438
1614367 6439
1615231 6444
1615255 6442
1615371 6443
1616235 6448
1616259 6446
1616376 6447
1617239 6452
1617242 0
1617242 6450
1617285 0
1617296 6451
1617364 0
1617375 6456
1618243 6454
1618247 6460
1618278 6455
1619247 6458
1619250 0
1619250 6462
1619293 0
1619304 6464
1619371 0
1619382 6459
1620255 6466
1620255 6468
1620290 6463
1621259 6470
1621259 6472
1621294 6467
1621361 0
1621372 6474
1621440 0
1621451 6476
1621518 0
1621529 6471
1622267 6478
1622267 6480
1622302 6475
1623271 6482
1623271 6484
1623306 6479
1623373 0
1623384 6486
1623452 0
1623463 6488
1623530 0
1623541 6483
1624278 6490
1624279 6492
1624314 6487
1625283 6494
1625283 6496
1625318 6491
1625385 0
1625396 6498
1625464 0
1625475 6500
1625542 0
1625553 6495
1626291 6502
1626291 6504
1626326 6499
1627295 6506
1627295 6508
1627330 6503
1627397 0
1627408 6510
1627476 0
1627487 6512
1627554 0
1627565 6507
1628303 6514
1628303 6516
1628338 6511
1629307 6518
1629307 6520
1629342 6515
1629409 0
1629420 6522
1629488 0
1629499 6524
1629566 0
1629577 6519
1630315 6526
1630315 6528
1630350 6523
1631319 6530
1631319 6532
1631354 6527
1631421 0
1631432 6534
1631500 0
1631511 6536
1631578 33
1631646 0
1631657 6531
1631773 6538
